"ticker","date","volume","cumulative_volume"
"AAPL","2020-02-10",109348800,"109348800"
"AAPL","2020-02-11",94323200,"203672000"
"AAPL","2020-02-12",113730400,"317402400"
"AAPL","2020-02-13",94747600,"412150000"
"AAPL","2020-02-14",80113600,"492263600"
"AAPL","2020-02-18",152531200,"644794800"
"AAPL","2020-02-19",93984000,"738778800"
"AAPL","2020-02-20",100566000,"839344800"
"AAPL","2020-02-21",129554000,"968898800"
"AAPL","2020-02-24",222195200,"1191094000"
"AAPL","2020-02-25",230673600,"1421767600"
"AAPL","2020-02-26",198054800,"1619822400"
"AAPL","2020-02-27",320605600,"1940428000"
"AAPL","2020-02-28",426510000,"2366938000"
"AAPL","2020-03-02",341397200,"2708335200"
"AAPL","2020-03-03",319475600,"3027810800"
"AAPL","2020-03-04",219178400,"3246989200"
"AAPL","2020-03-05",187572800,"3434562000"
"AAPL","2020-03-06",226176800,"3660738800"
"AAPL","2020-03-09",286744800,"3947483600"
"AAPL","2020-03-10",285290000,"4232773600"
"AAPL","2020-03-11",255598800,"4488372400"
"AAPL","2020-03-12",418474000,"4906846400"
"AAPL","2020-03-13",370732000,"5277578400"
"AAPL","2020-03-16",322423600,"5600002000"
"AAPL","2020-03-17",324056000,"5924058000"
"AAPL","2020-03-18",300233600,"6224291600"
"AAPL","2020-03-19",271857200,"6496148800"
"AAPL","2020-03-20",401693200,"6897842000"
"AAPL","2020-03-23",336752800,"7234594800"
"AAPL","2020-03-24",287531200,"7522126000"
"AAPL","2020-03-25",303602000,"7825728000"
"AAPL","2020-03-26",252087200,"8077815200"
"AAPL","2020-03-27",204216800,"8282032000"
"AAPL","2020-03-30",167976400,"8450008400"
"AAPL","2020-03-31",197002000,"8647010400"
"AAPL","2020-04-01",176218400,"8823228800"
"AAPL","2020-04-02",165934000,"8989162800"
"AAPL","2020-04-03",129880000,"9119042800"
"AAPL","2020-04-06",201820400,"9320863200"
"AAPL","2020-04-07",202887200,"9523750400"
"AAPL","2020-04-08",168895200,"9692645600"
"AAPL","2020-04-09",161834800,"9854480400"
"AAPL","2020-04-13",131022800,"9985503200"
"AAPL","2020-04-14",194994800,"10180498000"
"AAPL","2020-04-15",131154400,"10311652400"
"AAPL","2020-04-16",157125200,"10468777600"
"AAPL","2020-04-17",215250000,"10684027600"
"AAPL","2020-04-20",130015200,"10814042800"
"AAPL","2020-04-21",180991600,"10995034400"
"AAPL","2020-04-22",116862400,"11111896800"
"AAPL","2020-04-23",124814400,"11236711200"
"AAPL","2020-04-24",126161200,"11362872400"
"AAPL","2020-04-27",117087600,"11479960000"
"AAPL","2020-04-28",112004800,"11591964800"
"AAPL","2020-04-29",137280800,"11729245600"
"AAPL","2020-04-30",183064000,"11912309600"
"AAPL","2020-05-01",240616800,"12152926400"
"AAPL","2020-05-04",133568000,"12286494400"
"AAPL","2020-05-05",147751200,"12434245600"
"AAPL","2020-05-06",142333600,"12576579200"
"AAPL","2020-05-07",115215200,"12691794400"
"AAPL","2020-05-08",133838400,"12825632800"
"AAPL","2020-05-11",145946400,"12971579200"
"AAPL","2020-05-12",162301200,"13133880400"
"AAPL","2020-05-13",200622400,"13334502800"
"AAPL","2020-05-14",158929200,"13493432000"
"AAPL","2020-05-15",166348400,"13659780400"
"AAPL","2020-05-18",135178400,"13794958800"
"AAPL","2020-05-19",101729600,"13896688400"
"AAPL","2020-05-20",111504800,"14008193200"
"AAPL","2020-05-21",102688800,"14110882000"
"AAPL","2020-05-22",81803200,"14192685200"
"AAPL","2020-05-26",125522000,"14318207200"
"AAPL","2020-05-27",112945200,"14431152400"
"AAPL","2020-05-28",133560800,"14564713200"
"AAPL","2020-05-29",153532400,"14718245600"
"AAPL","2020-06-01",80791200,"14799036800"
"AAPL","2020-06-02",87642800,"14886679600"
"AAPL","2020-06-03",104491200,"14991170800"
"AAPL","2020-06-04",87560400,"15078731200"
"AAPL","2020-06-05",137250400,"15215981600"
"AAPL","2020-06-08",95654400,"15311636000"
"AAPL","2020-06-09",147712400,"15459348400"
"AAPL","2020-06-10",166651600,"15626000000"
"AAPL","2020-06-11",201662400,"15827662400"
"AAPL","2020-06-12",200146000,"16027808400"
"AAPL","2020-06-15",138808800,"16166617200"
"AAPL","2020-06-16",165428800,"16332046000"
"AAPL","2020-06-17",114406400,"16446452400"
"AAPL","2020-06-18",96820400,"16543272800"
"AAPL","2020-06-19",264476000,"16807748800"
"AAPL","2020-06-22",135445200,"16943194000"
"AAPL","2020-06-23",212155600,"17155349600"
"AAPL","2020-06-24",192623200,"17347972800"
"AAPL","2020-06-25",137522400,"17485495200"
"AAPL","2020-06-26",205256800,"17690752000"
"AAPL","2020-06-29",130646000,"17821398000"
"AAPL","2020-06-30",140223200,"17961621200"
"AAPL","2020-07-01",110737200,"18072358400"
"AAPL","2020-07-02",114041600,"18186400000"
"AAPL","2020-07-06",118655600,"18305055600"
"AAPL","2020-07-07",112424400,"18417480000"
"AAPL","2020-07-08",117092000,"18534572000"
"AAPL","2020-07-09",125642800,"18660214800"
"AAPL","2020-07-10",90257200,"18750472000"
"AAPL","2020-07-13",191649200,"18942121200"
"AAPL","2020-07-14",170989200,"19113110400"
"AAPL","2020-07-15",153198000,"19266308400"
"AAPL","2020-07-16",110577600,"19376886000"
"AAPL","2020-07-17",92186800,"19469072800"
"AAPL","2020-07-20",90318000,"19559390800"
"AAPL","2020-07-21",103433200,"19662824000"
"AAPL","2020-07-22",89001600,"19751825600"
"AAPL","2020-07-23",197004400,"19948830000"
"AAPL","2020-07-24",185438800,"20134268800"
"AAPL","2020-07-27",121214000,"20255482800"
"AAPL","2020-07-28",103625600,"20359108400"
"AAPL","2020-07-29",90329200,"20449437600"
"AAPL","2020-07-30",158130000,"20607567600"
"AAPL","2020-07-31",374336800,"20981904400"
"AAPL","2020-08-03",308151200,"21290055600"
"AAPL","2020-08-04",173071600,"21463127200"
"AAPL","2020-08-05",121776800,"21584904000"
"AAPL","2020-08-06",202428800,"21787332800"
"AAPL","2020-08-07",198045600,"21985378400"
"AAPL","2020-08-10",212403600,"22197782000"
"AAPL","2020-08-11",187902400,"22385684400"
"AAPL","2020-08-12",165598000,"22551282400"
"AAPL","2020-08-13",210082000,"22761364400"
"AAPL","2020-08-14",165565200,"22926929600"
"AAPL","2020-08-17",119561600,"23046491200"
"AAPL","2020-08-18",105633600,"23152124800"
"AAPL","2020-08-19",145538000,"23297662800"
"AAPL","2020-08-20",126907200,"23424570000"
"AAPL","2020-08-21",338054800,"23762624800"
"AAPL","2020-08-24",345937600,"24108562400"
"AAPL","2020-08-25",211495600,"24320058000"
"AAPL","2020-08-26",163022400,"24483080400"
"AAPL","2020-08-27",155552400,"24638632800"
"AAPL","2020-08-28",187630000,"24826262800"
"AAPL","2020-08-31",225702700,"25051965500"
"AAPL","2020-09-01",151948100,"25203913600"
"AAPL","2020-09-02",200119000,"25404032600"
"AAPL","2020-09-03",257599600,"25661632200"
"AAPL","2020-09-04",332607200,"25994239400"
"AAPL","2020-09-08",231366600,"26225606000"
"AAPL","2020-09-09",176940500,"26402546500"
"AAPL","2020-09-10",182274400,"26584820900"
"AAPL","2020-09-11",180860300,"26765681200"
"AAPL","2020-09-14",140150100,"26905831300"
"AAPL","2020-09-15",184642000,"27090473300"
"AAPL","2020-09-16",154679000,"27245152300"
"AAPL","2020-09-17",178011000,"27423163300"
"AAPL","2020-09-18",287104900,"27710268200"
"AAPL","2020-09-21",195713800,"27905982000"
"AAPL","2020-09-22",183055400,"28089037400"
"AAPL","2020-09-23",150718700,"28239756100"
"AAPL","2020-09-24",167743300,"28407499400"
"AAPL","2020-09-25",149981400,"28557480800"
"AAPL","2020-09-28",137672400,"28695153200"
"AAPL","2020-09-29",99382200,"28794535400"
"AAPL","2020-09-30",142675200,"28937210600"
"AAPL","2020-10-01",116120400,"29053331000"
"AAPL","2020-10-02",144712000,"29198043000"
"AAPL","2020-10-05",106243800,"29304286800"
"AAPL","2020-10-06",161498200,"29465785000"
"AAPL","2020-10-07",96849000,"29562634000"
"AAPL","2020-10-08",83477200,"29646111200"
"AAPL","2020-10-09",100506900,"29746618100"
"AAPL","2020-10-12",240226800,"29986844900"
"AAPL","2020-10-13",262330500,"30249175400"
"AAPL","2020-10-14",150712000,"30399887400"
"AAPL","2020-10-15",112559200,"30512446600"
"AAPL","2020-10-16",115393800,"30627840400"
"AAPL","2020-10-19",120639300,"30748479700"
"AAPL","2020-10-20",124423700,"30872903400"
"AAPL","2020-10-21",89946000,"30962849400"
"AAPL","2020-10-22",101988000,"31064837400"
"AAPL","2020-10-23",82572600,"31147410000"
"AAPL","2020-10-26",111850700,"31259260700"
"AAPL","2020-10-27",92276800,"31351537500"
"AAPL","2020-10-28",143937800,"31495475300"
"AAPL","2020-10-29",146129200,"31641604500"
"AAPL","2020-10-30",190272600,"31831877100"
"AAPL","2020-11-02",122866900,"31954744000"
"AAPL","2020-11-03",107624400,"32062368400"
"AAPL","2020-11-04",138235500,"32200603900"
"AAPL","2020-11-05",126387100,"32326991000"
"AAPL","2020-11-06",114457900,"32441448900"
"AAPL","2020-11-09",154515300,"32595964200"
"AAPL","2020-11-10",138023400,"32733987600"
"AAPL","2020-11-11",112295000,"32846282600"
"AAPL","2020-11-12",103162300,"32949444900"
"AAPL","2020-11-13",81581900,"33031026800"
"AAPL","2020-11-16",91183000,"33122209800"
"AAPL","2020-11-17",74271000,"33196480800"
"AAPL","2020-11-18",76322100,"33272802900"
"AAPL","2020-11-19",74113000,"33346915900"
"AAPL","2020-11-20",73604300,"33420520200"
"AAPL","2020-11-23",127959300,"33548479500"
"AAPL","2020-11-24",113874200,"33662353700"
"AAPL","2020-11-25",76499200,"33738852900"
"AAPL","2020-11-27",46691300,"33785544200"
"AAPL","2020-11-30",169410200,"33954954400"
"AAPL","2020-12-01",127728200,"34082682600"
"AAPL","2020-12-02",89004200,"34171686800"
"AAPL","2020-12-03",78967600,"34250654400"
"AAPL","2020-12-04",78260400,"34328914800"
"AAPL","2020-12-07",86712000,"34415626800"
"AAPL","2020-12-08",82225500,"34497852300"
"AAPL","2020-12-09",115089200,"34612941500"
"AAPL","2020-12-10",81312200,"34694253700"
"AAPL","2020-12-11",86939800,"34781193500"
"AAPL","2020-12-14",79184500,"34860378000"
"AAPL","2020-12-15",157243700,"35017621700"
"AAPL","2020-12-16",98208600,"35115830300"
"AAPL","2020-12-17",94359800,"35210190100"
"AAPL","2020-12-18",192541500,"35402731600"
"AAPL","2020-12-21",121251600,"35523983200"
"AAPL","2020-12-22",168904800,"35692888000"
"AAPL","2020-12-23",88223700,"35781111700"
"AAPL","2020-12-24",54930100,"35836041800"
"AAPL","2020-12-28",124486200,"35960528000"
"AAPL","2020-12-29",121047300,"36081575300"
"AAPL","2020-12-30",96452100,"36178027400"
"AAPL","2020-12-31",99116600,"36277144000"
"LMT","2020-02-10",870400,"870400"
"LMT","2020-02-11",744600,"1615000"
"LMT","2020-02-12",1419200,"3034200"
"LMT","2020-02-13",800200,"3834400"
"LMT","2020-02-14",948600,"4783000"
"LMT","2020-02-18",776100,"5559100"
"LMT","2020-02-19",787200,"6346300"
"LMT","2020-02-20",1190600,"7536900"
"LMT","2020-02-21",1055500,"8592400"
"LMT","2020-02-24",1117800,"9710200"
"LMT","2020-02-25",1600100,"11310300"
"LMT","2020-02-26",1678000,"12988300"
"LMT","2020-02-27",1894100,"14882400"
"LMT","2020-02-28",3363800,"18246200"
"LMT","2020-03-02",2859900,"21106100"
"LMT","2020-03-03",2531400,"23637500"
"LMT","2020-03-04",2025800,"25663300"
"LMT","2020-03-05",1967200,"27630500"
"LMT","2020-03-06",2161000,"29791500"
"LMT","2020-03-09",3086700,"32878200"
"LMT","2020-03-10",2505600,"35383800"
"LMT","2020-03-11",1950800,"37334600"
"LMT","2020-03-12",3892600,"41227200"
"LMT","2020-03-13",3877800,"45105000"
"LMT","2020-03-16",2351500,"47456500"
"LMT","2020-03-17",2626200,"50082700"
"LMT","2020-03-18",3589400,"53672100"
"LMT","2020-03-19",2836700,"56508800"
"LMT","2020-03-20",3040100,"59548900"
"LMT","2020-03-23",3172100,"62721000"
"LMT","2020-03-24",3088400,"65809400"
"LMT","2020-03-25",2950100,"68759500"
"LMT","2020-03-26",2680900,"71440400"
"LMT","2020-03-27",3562800,"75003200"
"LMT","2020-03-30",1756300,"76759500"
"LMT","2020-03-31",2169300,"78928800"
"LMT","2020-04-01",2082300,"81011100"
"LMT","2020-04-02",1896200,"82907300"
"LMT","2020-04-03",2113200,"85020500"
"LMT","2020-04-06",2525400,"87545900"
"LMT","2020-04-07",2101500,"89647400"
"LMT","2020-04-08",1447700,"91095100"
"LMT","2020-04-09",1629400,"92724500"
"LMT","2020-04-13",1237200,"93961700"
"LMT","2020-04-14",1653400,"95615100"
"LMT","2020-04-15",1251500,"96866600"
"LMT","2020-04-16",1568400,"98435000"
"LMT","2020-04-17",1768400,"100203400"
"LMT","2020-04-20",1487200,"101690600"
"LMT","2020-04-21",2042000,"103732600"
"LMT","2020-04-22",1188400,"104921000"
"LMT","2020-04-23",1164400,"106085400"
"LMT","2020-04-24",1029200,"107114600"
"LMT","2020-04-27",1457400,"108572000"
"LMT","2020-04-28",1313900,"109885900"
"LMT","2020-04-29",1500400,"111386300"
"LMT","2020-04-30",1343300,"112729600"
"LMT","2020-05-01",911600,"113641200"
"LMT","2020-05-04",1077900,"114719100"
"LMT","2020-05-05",1270900,"115990000"
"LMT","2020-05-06",1089800,"117079800"
"LMT","2020-05-07",1462000,"118541800"
"LMT","2020-05-08",1130400,"119672200"
"LMT","2020-05-11",1287800,"120960000"
"LMT","2020-05-12",1447700,"122407700"
"LMT","2020-05-13",1287400,"123695100"
"LMT","2020-05-14",1776400,"125471500"
"LMT","2020-05-15",1854500,"127326000"
"LMT","2020-05-18",1879700,"129205700"
"LMT","2020-05-19",1087100,"130292800"
"LMT","2020-05-20",1880500,"132173300"
"LMT","2020-05-21",1179100,"133352400"
"LMT","2020-05-22",752600,"134105000"
"LMT","2020-05-26",1596100,"135701100"
"LMT","2020-05-27",1986900,"137688000"
"LMT","2020-05-28",1487900,"139175900"
"LMT","2020-05-29",1733800,"140909700"
"LMT","2020-06-01",1090300,"142000000"
"LMT","2020-06-02",1404700,"143404700"
"LMT","2020-06-03",1382200,"144786900"
"LMT","2020-06-04",1261700,"146048600"
"LMT","2020-06-05",1702500,"147751100"
"LMT","2020-06-08",1294600,"149045700"
"LMT","2020-06-09",1188400,"150234100"
"LMT","2020-06-10",1188200,"151422300"
"LMT","2020-06-11",1698800,"153121100"
"LMT","2020-06-12",1788100,"154909200"
"LMT","2020-06-15",2271300,"157180500"
"LMT","2020-06-16",2038600,"159219100"
"LMT","2020-06-17",1519000,"160738100"
"LMT","2020-06-18",1562000,"162300100"
"LMT","2020-06-19",4322200,"166622300"
"LMT","2020-06-22",1370600,"167992900"
"LMT","2020-06-23",1469300,"169462200"
"LMT","2020-06-24",2302800,"171765000"
"LMT","2020-06-25",1391600,"173156600"
"LMT","2020-06-26",2008600,"175165200"
"LMT","2020-06-29",1073000,"176238200"
"LMT","2020-06-30",1482100,"177720300"
"LMT","2020-07-01",1430100,"179150400"
"LMT","2020-07-02",1396000,"180546400"
"LMT","2020-07-06",1202300,"181748700"
"LMT","2020-07-07",1395900,"183144600"
"LMT","2020-07-08",1965100,"185109700"
"LMT","2020-07-09",1823800,"186933500"
"LMT","2020-07-10",1514200,"188447700"
"LMT","2020-07-13",2031300,"190479000"
"LMT","2020-07-14",1651900,"192130900"
"LMT","2020-07-15",1617300,"193748200"
"LMT","2020-07-16",955400,"194703600"
"LMT","2020-07-17",1135500,"195839100"
"LMT","2020-07-20",1444500,"197283600"
"LMT","2020-07-21",1997300,"199280900"
"LMT","2020-07-22",2280700,"201561600"
"LMT","2020-07-23",1442800,"203004400"
"LMT","2020-07-24",1305700,"204310100"
"LMT","2020-07-27",1047000,"205357100"
"LMT","2020-07-28",1132100,"206489200"
"LMT","2020-07-29",1209600,"207698800"
"LMT","2020-07-30",983300,"208682100"
"LMT","2020-07-31",1101800,"209783900"
"LMT","2020-08-03",923100,"210707000"
"LMT","2020-08-04",900600,"211607600"
"LMT","2020-08-05",1018500,"212626100"
"LMT","2020-08-06",698500,"213324600"
"LMT","2020-08-07",924900,"214249500"
"LMT","2020-08-10",856000,"215105500"
"LMT","2020-08-11",1312800,"216418300"
"LMT","2020-08-12",878500,"217296800"
"LMT","2020-08-13",1053600,"218350400"
"LMT","2020-08-14",648600,"218999000"
"LMT","2020-08-17",864100,"219863100"
"LMT","2020-08-18",806100,"220669200"
"LMT","2020-08-19",717400,"221386600"
"LMT","2020-08-20",1203700,"222590300"
"LMT","2020-08-21",996000,"223586300"
"LMT","2020-08-24",1006400,"224592700"
"LMT","2020-08-25",987400,"225580100"
"LMT","2020-08-26",908600,"226488700"
"LMT","2020-08-27",700300,"227189000"
"LMT","2020-08-28",728300,"227917300"
"LMT","2020-08-31",1030400,"228947700"
"LMT","2020-09-01",908400,"229856100"
"LMT","2020-09-02",1214500,"231070600"
"LMT","2020-09-03",1500800,"232571400"
"LMT","2020-09-04",933600,"233505000"
"LMT","2020-09-08",1071600,"234576600"
"LMT","2020-09-09",1218300,"235794900"
"LMT","2020-09-10",716000,"236510900"
"LMT","2020-09-11",933800,"237444700"
"LMT","2020-09-14",991000,"238435700"
"LMT","2020-09-15",955700,"239391400"
"LMT","2020-09-16",1052200,"240443600"
"LMT","2020-09-17",959500,"241403100"
"LMT","2020-09-18",2636400,"244039500"
"LMT","2020-09-21",1447400,"245486900"
"LMT","2020-09-22",1286300,"246773200"
"LMT","2020-09-23",1223300,"247996500"
"LMT","2020-09-24",1295100,"249291600"
"LMT","2020-09-25",1375400,"250667000"
"LMT","2020-09-28",980000,"251647000"
"LMT","2020-09-29",1113100,"252760100"
"LMT","2020-09-30",1410300,"254170400"
"LMT","2020-10-01",1103900,"255274300"
"LMT","2020-10-02",1217200,"256491500"
"LMT","2020-10-05",825000,"257316500"
"LMT","2020-10-06",954900,"258271400"
"LMT","2020-10-07",826500,"259097900"
"LMT","2020-10-08",694900,"259792800"
"LMT","2020-10-09",675000,"260467800"
"LMT","2020-10-12",807400,"261275200"
"LMT","2020-10-13",973300,"262248500"
"LMT","2020-10-14",1090300,"263338800"
"LMT","2020-10-15",792000,"264130800"
"LMT","2020-10-16",952100,"265082900"
"LMT","2020-10-19",1181000,"266263900"
"LMT","2020-10-20",1779200,"268043100"
"LMT","2020-10-21",1931200,"269974300"
"LMT","2020-10-22",1255100,"271229400"
"LMT","2020-10-23",1178800,"272408200"
"LMT","2020-10-26",1387200,"273795400"
"LMT","2020-10-27",977400,"274772800"
"LMT","2020-10-28",1679900,"276452700"
"LMT","2020-10-29",1548000,"278000700"
"LMT","2020-10-30",1309800,"279310500"
"LMT","2020-11-02",1707700,"281018200"
"LMT","2020-11-03",1484600,"282502800"
"LMT","2020-11-04",2146400,"284649200"
"LMT","2020-11-05",1709300,"286358500"
"LMT","2020-11-06",1401600,"287760100"
"LMT","2020-11-09",1956900,"289717000"
"LMT","2020-11-10",1708000,"291425000"
"LMT","2020-11-11",1115200,"292540200"
"LMT","2020-11-12",856100,"293396300"
"LMT","2020-11-13",921000,"294317300"
"LMT","2020-11-16",1306700,"295624000"
"LMT","2020-11-17",1321100,"296945100"
"LMT","2020-11-18",1066800,"298011900"
"LMT","2020-11-19",1075400,"299087300"
"LMT","2020-11-20",1117500,"300204800"
"LMT","2020-11-23",929200,"301134000"
"LMT","2020-11-24",959000,"302093000"
"LMT","2020-11-25",854800,"302947800"
"LMT","2020-11-27",612300,"303560100"
"LMT","2020-11-30",1608400,"305168500"
"LMT","2020-12-01",1299700,"306468200"
"LMT","2020-12-02",2520000,"308988200"
"LMT","2020-12-03",1758400,"310746600"
"LMT","2020-12-04",1222600,"311969200"
"LMT","2020-12-07",1390500,"313359700"
"LMT","2020-12-08",1783600,"315143300"
"LMT","2020-12-09",1522200,"316665500"
"LMT","2020-12-10",1378700,"318044200"
"LMT","2020-12-11",1409800,"319454000"
"LMT","2020-12-14",1370500,"320824500"
"LMT","2020-12-15",1521000,"322345500"
"LMT","2020-12-16",1986200,"324331700"
"LMT","2020-12-17",1658100,"325989800"
"LMT","2020-12-18",4342000,"330331800"
"LMT","2020-12-21",2128700,"332460500"
"LMT","2020-12-22",1820800,"334281300"
"LMT","2020-12-23",1307500,"335588800"
"LMT","2020-12-24",508800,"336097600"
"LMT","2020-12-28",1023400,"337121000"
"LMT","2020-12-29",1055900,"338176900"
"LMT","2020-12-30",840800,"339017700"
"LMT","2020-12-31",1318500,"340336200"
"META","2020-02-10",11856400,"11856400"
"META","2020-02-11",25030800,"36887200"
"META","2020-02-12",13813700,"50700900"
"META","2020-02-13",15396600,"66097500"
"META","2020-02-14",10741700,"76839200"
"META","2020-02-18",15609200,"92448400"
"META","2020-02-19",12135100,"104583500"
"META","2020-02-20",13109200,"117692700"
"META","2020-02-21",14092300,"131785000"
"META","2020-02-24",23080100,"154865100"
"META","2020-02-25",21433500,"176298600"
"META","2020-02-26",16524500,"192823100"
"META","2020-02-27",21682600,"214505700"
"META","2020-02-28",32568900,"247074600"
"META","2020-03-02",24949000,"272023600"
"META","2020-03-03",27984100,"300007700"
"META","2020-03-04",23062500,"323070200"
"META","2020-03-05",19333400,"342403600"
"META","2020-03-06",24559600,"366963200"
"META","2020-03-09",29949000,"396912200"
"META","2020-03-10",24517800,"421430000"
"META","2020-03-11",20373900,"441803900"
"META","2020-03-12",43266300,"485070200"
"META","2020-03-13",35028600,"520098800"
"META","2020-03-16",39120400,"559219200"
"META","2020-03-17",34255600,"593474800"
"META","2020-03-18",37553100,"631027900"
"META","2020-03-19",39862300,"670890200"
"META","2020-03-20",32568400,"703458600"
"META","2020-03-23",29830800,"733289400"
"META","2020-03-24",30440400,"763729800"
"META","2020-03-25",35184300,"798914100"
"META","2020-03-26",26556800,"825470900"
"META","2020-03-27",24879900,"850350800"
"META","2020-03-30",22515200,"872866000"
"META","2020-03-31",23676300,"896542300"
"META","2020-04-01",19507600,"916049900"
"META","2020-04-02",20886300,"936936200"
"META","2020-04-03",25983300,"962919500"
"META","2020-04-06",28453600,"991373100"
"META","2020-04-07",31411900,"1022785000"
"META","2020-04-08",21664200,"1044449200"
"META","2020-04-09",23534300,"1067983500"
"META","2020-04-13",19355400,"1087338900"
"META","2020-04-14",21011800,"1108350700"
"META","2020-04-15",17423000,"1125773700"
"META","2020-04-16",23593200,"1149366900"
"META","2020-04-17",20974800,"1170341700"
"META","2020-04-20",16110700,"1186452400"
"META","2020-04-21",24850500,"1211302900"
"META","2020-04-22",33242000,"1244544900"
"META","2020-04-23",21426600,"1265971500"
"META","2020-04-24",28792000,"1294763500"
"META","2020-04-27",29197800,"1323961300"
"META","2020-04-28",21731000,"1345692300"
"META","2020-04-29",45954500,"1391646800"
"META","2020-04-30",46230100,"1437876900"
"META","2020-05-01",30415600,"1468292500"
"META","2020-05-04",19250700,"1487543200"
"META","2020-05-05",21071200,"1508614400"
"META","2020-05-06",21857000,"1530471400"
"META","2020-05-07",15152000,"1545623400"
"META","2020-05-08",12506000,"1558129400"
"META","2020-05-11",12911900,"1571041300"
"META","2020-05-12",14704600,"1585745900"
"META","2020-05-13",20684600,"1606430500"
"META","2020-05-14",17178900,"1623609400"
"META","2020-05-15",19383200,"1642992600"
"META","2020-05-18",20151900,"1663144500"
"META","2020-05-19",31843200,"1694987700"
"META","2020-05-20",50162900,"1745150600"
"META","2020-05-21",47782600,"1792933200"
"META","2020-05-22",33925600,"1826858800"
"META","2020-05-26",33178300,"1860037100"
"META","2020-05-27",34697600,"1894734700"
"META","2020-05-28",29377200,"1924111900"
"META","2020-05-29",23241500,"1947353400"
"META","2020-06-01",18223800,"1965577200"
"META","2020-06-02",20919000,"1986496200"
"META","2020-06-03",15380300,"2001876500"
"META","2020-06-04",17041500,"2018918000"
"META","2020-06-05",16750400,"2035668400"
"META","2020-06-08",15466500,"2051134900"
"META","2020-06-09",27462900,"2078597800"
"META","2020-06-10",20720700,"2099318500"
"META","2020-06-11",26708200,"2126026700"
"META","2020-06-12",22091400,"2148118100"
"META","2020-06-15",15340300,"2163458400"
"META","2020-06-16",15236700,"2178695100"
"META","2020-06-17",19578100,"2198273200"
"META","2020-06-18",15782500,"2214055700"
"META","2020-06-19",30081300,"2244137000"
"META","2020-06-22",18917800,"2263054800"
"META","2020-06-23",24017900,"2287072700"
"META","2020-06-24",20834900,"2307907600"
"META","2020-06-25",18704300,"2326611900"
"META","2020-06-26",76343900,"2402955800"
"META","2020-06-29",58514300,"2461470100"
"META","2020-06-30",33927100,"2495397200"
"META","2020-07-01",43399700,"2538796900"
"META","2020-07-02",30633600,"2569430500"
"META","2020-07-06",26206200,"2595636700"
"META","2020-07-07",27887800,"2623524500"
"META","2020-07-08",29791300,"2653315800"
"META","2020-07-09",22174900,"2675490700"
"META","2020-07-10",22982700,"2698473400"
"META","2020-07-13",24674900,"2723148300"
"META","2020-07-14",23378100,"2746526400"
"META","2020-07-15",19133600,"2765660000"
"META","2020-07-16",18880700,"2784540700"
"META","2020-07-17",18152400,"2802693100"
"META","2020-07-20",20872200,"2823565300"
"META","2020-07-21",19364200,"2842929500"
"META","2020-07-22",15427900,"2858357400"
"META","2020-07-23",21771800,"2880129200"
"META","2020-07-24",18325800,"2898455000"
"META","2020-07-27",13163100,"2911618100"
"META","2020-07-28",14170100,"2925788200"
"META","2020-07-29",13588300,"2939376500"
"META","2020-07-30",20615300,"2959991800"
"META","2020-07-31",53005100,"3012996900"
"META","2020-08-03",23124900,"3036121800"
"META","2020-08-04",17183500,"3053305300"
"META","2020-08-05",13050100,"3066355400"
"META","2020-08-06",45241600,"3111597000"
"META","2020-08-07",72766400,"3184363400"
"META","2020-08-10",30248800,"3214612200"
"META","2020-08-11",28238300,"3242850500"
"META","2020-08-12",21415700,"3264266200"
"META","2020-08-13",17374000,"3281640200"
"META","2020-08-14",14792700,"3296432900"
"META","2020-08-17",13351100,"3309784000"
"META","2020-08-18",18690400,"3328474400"
"META","2020-08-19",23291500,"3351765900"
"META","2020-08-20",20299700,"3372065600"
"META","2020-08-21",15538600,"3387604200"
"META","2020-08-24",23685600,"3411289800"
"META","2020-08-25",42127200,"3453417000"
"META","2020-08-26",69015200,"3522432200"
"META","2020-08-27",30301300,"3552733500"
"META","2020-08-28",17157400,"3569890900"
"META","2020-08-31",17345100,"3587236000"
"META","2020-09-01",17295900,"3604531900"
"META","2020-09-02",24341400,"3628873300"
"META","2020-09-03",32294100,"3661167400"
"META","2020-09-04",30333700,"3691501100"
"META","2020-09-08",24864000,"3716365100"
"META","2020-09-09",22918800,"3739283900"
"META","2020-09-10",24814700,"3764098600"
"META","2020-09-11",18913900,"3783012500"
"META","2020-09-14",24093800,"3807106300"
"META","2020-09-15",18478500,"3825584800"
"META","2020-09-16",29183400,"3854768200"
"META","2020-09-17",31281400,"3886049600"
"META","2020-09-18",28130800,"3914180400"
"META","2020-09-21",24709400,"3938889800"
"META","2020-09-22",30293100,"3969182900"
"META","2020-09-23",19641300,"3988824200"
"META","2020-09-24",20006800,"4008831000"
"META","2020-09-25",18351300,"4027182300"
"META","2020-09-28",18826300,"4046008600"
"META","2020-09-29",20200200,"4066208800"
"META","2020-09-30",20142500,"4086351300"
"META","2020-10-01",20009800,"4106361100"
"META","2020-10-02",16367600,"4122728700"
"META","2020-10-05",12822300,"4135551000"
"META","2020-10-06",18696900,"4154247900"
"META","2020-10-07",23133400,"4177381300"
"META","2020-10-08",16312800,"4193694100"
"META","2020-10-09",14107800,"4207801900"
"META","2020-10-12",31019300,"4238821200"
"META","2020-10-13",18063300,"4256884500"
"META","2020-10-14",15577800,"4272462300"
"META","2020-10-15",15416100,"4287878400"
"META","2020-10-16",16622700,"4304501100"
"META","2020-10-19",13587000,"4318088100"
"META","2020-10-20",18763200,"4336851300"
"META","2020-10-21",28998600,"4365849900"
"META","2020-10-22",16720000,"4382569900"
"META","2020-10-23",17535200,"4400105100"
"META","2020-10-26",21322900,"4421428000"
"META","2020-10-27",16287200,"4437715200"
"META","2020-10-28",23121800,"4460837000"
"META","2020-10-29",32368100,"4493205100"
"META","2020-10-30",47247800,"4540452900"
"META","2020-11-02",27165700,"4567618600"
"META","2020-11-03",17961900,"4585580500"
"META","2020-11-04",35364400,"4620944900"
"META","2020-11-05",23823600,"4644768500"
"META","2020-11-06",13891000,"4658659500"
"META","2020-11-09",25117700,"4683777200"
"META","2020-11-10",29067700,"4712844900"
"META","2020-11-11",14957000,"4727801900"
"META","2020-11-12",12899500,"4740701400"
"META","2020-11-13",10391200,"4751092600"
"META","2020-11-16",12970400,"4764063000"
"META","2020-11-17",15040300,"4779103300"
"META","2020-11-18",12152900,"4791256200"
"META","2020-11-19",12963700,"4804219900"
"META","2020-11-20",18114700,"4822334600"
"META","2020-11-23",20990800,"4843325400"
"META","2020-11-24",16930400,"4860255800"
"META","2020-11-25",12467000,"4872722800"
"META","2020-11-27",7808400,"4880531200"
"META","2020-11-30",16693300,"4897224500"
"META","2020-12-01",20738900,"4917963400"
"META","2020-12-02",17361600,"4935325000"
"META","2020-12-03",12921700,"4948246700"
"META","2020-12-04",10880300,"4959127000"
"META","2020-12-07",13007700,"4972134700"
"META","2020-12-08",10747700,"4982882400"
"META","2020-12-09",25189700,"5008072100"
"META","2020-12-10",20065100,"5028137200"
"META","2020-12-11",14391400,"5042528600"
"META","2020-12-14",16376900,"5058905500"
"META","2020-12-15",23979500,"5082885000"
"META","2020-12-16",15885000,"5098770000"
"META","2020-12-17",16377800,"5115147800"
"META","2020-12-18",26693200,"5141841000"
"META","2020-12-21",16553700,"5158394700"
"META","2020-12-22",17312900,"5175707600"
"META","2020-12-23",14329000,"5190036600"
"META","2020-12-24",6702000,"5196738600"
"META","2020-12-28",23299700,"5220038300"
"META","2020-12-29",16383000,"5236421300"
"META","2020-12-30",11803800,"5248225100"
"META","2020-12-31",12900400,"5261125500"
"MSFT","2020-02-10",35844300,"35844300"
"MSFT","2020-02-11",53159900,"89004200"
"MSFT","2020-02-12",47062900,"136067100"
"MSFT","2020-02-13",35295800,"171362900"
"MSFT","2020-02-14",23149500,"194512400"
"MSFT","2020-02-18",27792200,"222304600"
"MSFT","2020-02-19",29997500,"252302100"
"MSFT","2020-02-20",36862400,"289164500"
"MSFT","2020-02-21",48572600,"337737100"
"MSFT","2020-02-24",68311100,"406048200"
"MSFT","2020-02-25",68073300,"474121500"
"MSFT","2020-02-26",56206100,"530327600"
"MSFT","2020-02-27",93174900,"623502500"
"MSFT","2020-02-28",97012700,"720515200"
"MSFT","2020-03-02",71030800,"791546000"
"MSFT","2020-03-03",71677000,"863223000"
"MSFT","2020-03-04",49814400,"913037400"
"MSFT","2020-03-05",47817300,"960854700"
"MSFT","2020-03-06",72821100,"1033675800"
"MSFT","2020-03-09",70419300,"1104095100"
"MSFT","2020-03-10",65354400,"1169449500"
"MSFT","2020-03-11",56371600,"1225821100"
"MSFT","2020-03-12",93226400,"1319047500"
"MSFT","2020-03-13",92727400,"1411774900"
"MSFT","2020-03-16",87905900,"1499680800"
"MSFT","2020-03-17",81059800,"1580740600"
"MSFT","2020-03-18",81593200,"1662333800"
"MSFT","2020-03-19",85922700,"1748256500"
"MSFT","2020-03-20",84866200,"1833122700"
"MSFT","2020-03-23",78975200,"1912097900"
"MSFT","2020-03-24",82516700,"1994614600"
"MSFT","2020-03-25",75638200,"2070252800"
"MSFT","2020-03-26",64568100,"2134820900"
"MSFT","2020-03-27",57042300,"2191863200"
"MSFT","2020-03-30",63420300,"2255283500"
"MSFT","2020-03-31",77927200,"2333210700"
"MSFT","2020-04-01",57969900,"2391180600"
"MSFT","2020-04-02",49630700,"2440811300"
"MSFT","2020-04-03",41243300,"2482054600"
"MSFT","2020-04-06",67111700,"2549166300"
"MSFT","2020-04-07",62769000,"2611935300"
"MSFT","2020-04-08",48318200,"2660253500"
"MSFT","2020-04-09",51385100,"2711638600"
"MSFT","2020-04-13",41905300,"2753543900"
"MSFT","2020-04-14",52874300,"2806418200"
"MSFT","2020-04-15",40940800,"2847359000"
"MSFT","2020-04-16",50479600,"2897838600"
"MSFT","2020-04-17",52765600,"2950604200"
"MSFT","2020-04-20",36669600,"2987273800"
"MSFT","2020-04-21",56203700,"3043477500"
"MSFT","2020-04-22",34620200,"3078097700"
"MSFT","2020-04-23",32790800,"3110888500"
"MSFT","2020-04-24",34277600,"3145166100"
"MSFT","2020-04-27",33194400,"3178360500"
"MSFT","2020-04-28",34392700,"3212753200"
"MSFT","2020-04-29",51286600,"3264039800"
"MSFT","2020-04-30",53875900,"3317915700"
"MSFT","2020-05-01",39370500,"3357286200"
"MSFT","2020-05-04",30372900,"3387659100"
"MSFT","2020-05-05",36839200,"3424498300"
"MSFT","2020-05-06",32139300,"3456637600"
"MSFT","2020-05-07",28316000,"3484953600"
"MSFT","2020-05-08",30877800,"3515831400"
"MSFT","2020-05-11",30892700,"3546724100"
"MSFT","2020-05-12",32038200,"3578762300"
"MSFT","2020-05-13",44711500,"3623473800"
"MSFT","2020-05-14",41873900,"3665347700"
"MSFT","2020-05-15",46610400,"3711958100"
"MSFT","2020-05-18",35264500,"3747222600"
"MSFT","2020-05-19",26799100,"3774021700"
"MSFT","2020-05-20",31261300,"3805283000"
"MSFT","2020-05-21",29119500,"3834402500"
"MSFT","2020-05-22",20826900,"3855229400"
"MSFT","2020-05-26",36073600,"3891303000"
"MSFT","2020-05-27",39517100,"3930820100"
"MSFT","2020-05-28",33810200,"3964630300"
"MSFT","2020-05-29",42130400,"4006760700"
"MSFT","2020-06-01",22622400,"4029383100"
"MSFT","2020-06-02",30794600,"4060177700"
"MSFT","2020-06-03",27311000,"4087488700"
"MSFT","2020-06-04",28761800,"4116250500"
"MSFT","2020-06-05",39893600,"4156144100"
"MSFT","2020-06-08",33211600,"4189355700"
"MSFT","2020-06-09",29783900,"4219139600"
"MSFT","2020-06-10",43872300,"4263011900"
"MSFT","2020-06-11",52854700,"4315866600"
"MSFT","2020-06-12",43373600,"4359240200"
"MSFT","2020-06-15",32770200,"4392010400"
"MSFT","2020-06-16",42556700,"4434567100"
"MSFT","2020-06-17",25687800,"4460254900"
"MSFT","2020-06-18",23061600,"4483316500"
"MSFT","2020-06-19",44441100,"4527757600"
"MSFT","2020-06-22",32818900,"4560576500"
"MSFT","2020-06-23",30917400,"4591493900"
"MSFT","2020-06-24",36740600,"4628234500"
"MSFT","2020-06-25",27803900,"4656038400"
"MSFT","2020-06-26",54675800,"4710714200"
"MSFT","2020-06-29",26701600,"4737415800"
"MSFT","2020-06-30",34310300,"4771726100"
"MSFT","2020-07-01",32061200,"4803787300"
"MSFT","2020-07-02",29315800,"4833103100"
"MSFT","2020-07-06",31897600,"4865000700"
"MSFT","2020-07-07",33600700,"4898601400"
"MSFT","2020-07-08",33600000,"4932201400"
"MSFT","2020-07-09",33121700,"4965323100"
"MSFT","2020-07-10",26177600,"4991500700"
"MSFT","2020-07-13",38135600,"5029636300"
"MSFT","2020-07-14",37591800,"5067228100"
"MSFT","2020-07-15",32179400,"5099407500"
"MSFT","2020-07-16",29940700,"5129348200"
"MSFT","2020-07-17",31635300,"5160983500"
"MSFT","2020-07-20",36884800,"5197868300"
"MSFT","2020-07-21",37990400,"5235858700"
"MSFT","2020-07-22",49605700,"5285464400"
"MSFT","2020-07-23",67457000,"5352921400"
"MSFT","2020-07-24",39827000,"5392748400"
"MSFT","2020-07-27",30160900,"5422909300"
"MSFT","2020-07-28",23251400,"5446160700"
"MSFT","2020-07-29",19632600,"5465793300"
"MSFT","2020-07-30",25079600,"5490872900"
"MSFT","2020-07-31",51044000,"5541916900"
"MSFT","2020-08-03",78983000,"5620899900"
"MSFT","2020-08-04",49280100,"5670180000"
"MSFT","2020-08-05",28806400,"5698986400"
"MSFT","2020-08-06",32656800,"5731643200"
"MSFT","2020-08-07",27820400,"5759463600"
"MSFT","2020-08-10",36716500,"5796180100"
"MSFT","2020-08-11",36446500,"5832626600"
"MSFT","2020-08-12",28013100,"5860639700"
"MSFT","2020-08-13",22588900,"5883228600"
"MSFT","2020-08-14",17958900,"5901187500"
"MSFT","2020-08-17",20184800,"5921372300"
"MSFT","2020-08-18",21336200,"5942708500"
"MSFT","2020-08-19",27627600,"5970336100"
"MSFT","2020-08-20",26981500,"5997317600"
"MSFT","2020-08-21",36249300,"6033566900"
"MSFT","2020-08-24",25460100,"6059027000"
"MSFT","2020-08-25",23043700,"6082070700"
"MSFT","2020-08-26",39600800,"6121671500"
"MSFT","2020-08-27",57602200,"6179273700"
"MSFT","2020-08-28",26292900,"6205566600"
"MSFT","2020-08-31",28774200,"6234340800"
"MSFT","2020-09-01",25725500,"6260066300"
"MSFT","2020-09-02",34080800,"6294147100"
"MSFT","2020-09-03",58400300,"6352547400"
"MSFT","2020-09-04",59664100,"6412211500"
"MSFT","2020-09-08",52924300,"6465135800"
"MSFT","2020-09-09",45679000,"6510814800"
"MSFT","2020-09-10",35461500,"6546276300"
"MSFT","2020-09-11",33620100,"6579896400"
"MSFT","2020-09-14",30375800,"6610272200"
"MSFT","2020-09-15",21823900,"6632096100"
"MSFT","2020-09-16",26328100,"6658424200"
"MSFT","2020-09-17",34011300,"6692435500"
"MSFT","2020-09-18",55225300,"6747660800"
"MSFT","2020-09-21",39839700,"6787500500"
"MSFT","2020-09-22",33517100,"6821017600"
"MSFT","2020-09-23",30803800,"6851821400"
"MSFT","2020-09-24",31202500,"6883023900"
"MSFT","2020-09-25",29437300,"6912461200"
"MSFT","2020-09-28",32004900,"6944466100"
"MSFT","2020-09-29",24221900,"6968688000"
"MSFT","2020-09-30",33829100,"7002517100"
"MSFT","2020-10-01",27158400,"7029675500"
"MSFT","2020-10-02",33154800,"7062830300"
"MSFT","2020-10-05",21331600,"7084161900"
"MSFT","2020-10-06",28554300,"7112716200"
"MSFT","2020-10-07",25681100,"7138397300"
"MSFT","2020-10-08",19925800,"7158323100"
"MSFT","2020-10-09",26458000,"7184781100"
"MSFT","2020-10-12",40461400,"7225242500"
"MSFT","2020-10-13",28950800,"7254193300"
"MSFT","2020-10-14",23421700,"7277615000"
"MSFT","2020-10-15",22733100,"7300348100"
"MSFT","2020-10-16",26057900,"7326406000"
"MSFT","2020-10-19",27625800,"7354031800"
"MSFT","2020-10-20",22753500,"7376785300"
"MSFT","2020-10-21",22724900,"7399510200"
"MSFT","2020-10-22",22351500,"7421861700"
"MSFT","2020-10-23",18879600,"7440741300"
"MSFT","2020-10-26",37111600,"7477852900"
"MSFT","2020-10-27",36700300,"7514553200"
"MSFT","2020-10-28",51195600,"7565748800"
"MSFT","2020-10-29",31432600,"7597181400"
"MSFT","2020-10-30",36953700,"7634135100"
"MSFT","2020-11-02",30842200,"7664977300"
"MSFT","2020-11-03",27512000,"7692489300"
"MSFT","2020-11-04",42311800,"7734801100"
"MSFT","2020-11-05",36080100,"7770881200"
"MSFT","2020-11-06",25231900,"7796113100"
"MSFT","2020-11-09",44395000,"7840508100"
"MSFT","2020-11-10",44045100,"7884553200"
"MSFT","2020-11-11",29440800,"7913994000"
"MSFT","2020-11-12",21593900,"7935587900"
"MSFT","2020-11-13",18621100,"7954209000"
"MSFT","2020-11-16",24953300,"7979162300"
"MSFT","2020-11-17",24154100,"8003316400"
"MSFT","2020-11-18",28372800,"8031689200"
"MSFT","2020-11-19",24792700,"8056481900"
"MSFT","2020-11-20",22843100,"8079325000"
"MSFT","2020-11-23",25683500,"8105008500"
"MSFT","2020-11-24",33979700,"8138988200"
"MSFT","2020-11-25",21012900,"8160001100"
"MSFT","2020-11-27",14512200,"8174513300"
"MSFT","2020-11-30",33064800,"8207578100"
"MSFT","2020-12-01",30904500,"8238482600"
"MSFT","2020-12-02",23724500,"8262207100"
"MSFT","2020-12-03",25120900,"8287328000"
"MSFT","2020-12-04",24666000,"8311994000"
"MSFT","2020-12-07",24620000,"8336614000"
"MSFT","2020-12-08",23284100,"8359898100"
"MSFT","2020-12-09",32440600,"8392338700"
"MSFT","2020-12-10",26733300,"8419072000"
"MSFT","2020-12-11",30979400,"8450051400"
"MSFT","2020-12-14",28798400,"8478849800"
"MSFT","2020-12-15",27000600,"8505850400"
"MSFT","2020-12-16",35023300,"8540873700"
"MSFT","2020-12-17",32515800,"8573389500"
"MSFT","2020-12-18",63354900,"8636744400"
"MSFT","2020-12-21",37181900,"8673926300"
"MSFT","2020-12-22",22612200,"8696538500"
"MSFT","2020-12-23",18699600,"8715238100"
"MSFT","2020-12-24",10550600,"8725788700"
"MSFT","2020-12-28",17933500,"8743722200"
"MSFT","2020-12-29",17403200,"8761125400"
"MSFT","2020-12-30",20272300,"8781397700"
"MSFT","2020-12-31",20942100,"8802339800"
"TSLA","2020-02-10",370338000,"370338000"
"TSLA","2020-02-11",175462500,"545800500"
"TSLA","2020-02-12",180337500,"726138000"
"TSLA","2020-02-13",394339500,"1120477500"
"TSLA","2020-02-14",235405500,"1355883000"
"TSLA","2020-02-18",245725500,"1601608500"
"TSLA","2020-02-19",381345000,"1982953500"
"TSLA","2020-02-20",264523500,"2247477000"
"TSLA","2020-02-21",214722000,"2462199000"
"TSLA","2020-02-24",227883000,"2690082000"
"TSLA","2020-02-25",259357500,"2949439500"
"TSLA","2020-02-26",211282500,"3160722000"
"TSLA","2020-02-27",364158000,"3524880000"
"TSLA","2020-02-28",363343500,"3888223500"
"TSLA","2020-03-02",302925000,"4191148500"
"TSLA","2020-03-03",386760000,"4577908500"
"TSLA","2020-03-04",225735000,"4803643500"
"TSLA","2020-03-05",162790500,"4966434000"
"TSLA","2020-03-06",189943500,"5156377500"
"TSLA","2020-03-09",256105500,"5412483000"
"TSLA","2020-03-10",233916000,"5646399000"
"TSLA","2020-03-11",199837500,"5846236500"
"TSLA","2020-03-12",283636500,"6129873000"
"TSLA","2020-03-13",339604500,"6469477500"
"TSLA","2020-03-16",307342500,"6776820000"
"TSLA","2020-03-17",359919000,"7136739000"
"TSLA","2020-03-18",356793000,"7493532000"
"TSLA","2020-03-19",452932500,"7946464500"
"TSLA","2020-03-20",424282500,"8370747000"
"TSLA","2020-03-23",246817500,"8617564500"
"TSLA","2020-03-24",343428000,"8960992500"
"TSLA","2020-03-25",318340500,"9279333000"
"TSLA","2020-03-26",260710500,"9540043500"
"TSLA","2020-03-27",215661000,"9755704500"
"TSLA","2020-03-30",179971500,"9935676000"
"TSLA","2020-03-31",266572500,"10202248500"
"TSLA","2020-04-01",200298000,"10402546500"
"TSLA","2020-04-02",297876000,"10700422500"
"TSLA","2020-04-03",338431500,"11038854000"
"TSLA","2020-04-06",223527000,"11262381000"
"TSLA","2020-04-07",268797000,"11531178000"
"TSLA","2020-04-08",189840000,"11721018000"
"TSLA","2020-04-09",204750000,"11925768000"
"TSLA","2020-04-13",337131000,"12262899000"
"TSLA","2020-04-14",458647500,"12721546500"
"TSLA","2020-04-15",353655000,"13075201500"
"TSLA","2020-04-16",309868500,"13385070000"
"TSLA","2020-04-17",196923000,"13581993000"
"TSLA","2020-04-20",221199000,"13803192000"
"TSLA","2020-04-21",303136500,"14106328500"
"TSLA","2020-04-22",212482500,"14318811000"
"TSLA","2020-04-23",198550500,"14517361500"
"TSLA","2020-04-24",198180000,"14715541500"
"TSLA","2020-04-27",310221000,"15025762500"
"TSLA","2020-04-28",228330000,"15254092500"
"TSLA","2020-04-29",243240000,"15497332500"
"TSLA","2020-04-30",427078500,"15924411000"
"TSLA","2020-05-01",487977000,"16412388000"
"TSLA","2020-05-04",288556500,"16700944500"
"TSLA","2020-05-05",254875500,"16955820000"
"TSLA","2020-05-06",166848000,"17122668000"
"TSLA","2020-05-07",172915500,"17295583500"
"TSLA","2020-05-08",241297500,"17536881000"
"TSLA","2020-05-11",247794000,"17784675000"
"TSLA","2020-05-12",238603500,"18023278500"
"TSLA","2020-05-13",285982500,"18309261000"
"TSLA","2020-05-14",205233000,"18514494000"
"TSLA","2020-05-15",157776000,"18672270000"
"TSLA","2020-05-18",174987000,"18847257000"
"TSLA","2020-05-19",144547500,"18991804500"
"TSLA","2020-05-20",109639500,"19101444000"
"TSLA","2020-05-21",183819000,"19285263000"
"TSLA","2020-05-22",149812500,"19435075500"
"TSLA","2020-05-26",121345500,"19556421000"
"TSLA","2020-05-27",173242500,"19729663500"
"TSLA","2020-05-28",108834000,"19838497500"
"TSLA","2020-05-29",176467500,"20014965000"
"TSLA","2020-06-01",224092500,"20239057500"
"TSLA","2020-06-02",203484000,"20442541500"
"TSLA","2020-06-03",119242500,"20561784000"
"TSLA","2020-06-04",133315500,"20695099500"
"TSLA","2020-06-05",117178500,"20812278000"
"TSLA","2020-06-08",212620500,"21024898500"
"TSLA","2020-06-09",170823000,"21195721500"
"TSLA","2020-06-10",278451000,"21474172500"
"TSLA","2020-06-11",238747500,"21712920000"
"TSLA","2020-06-12",251451000,"21964371000"
"TSLA","2020-06-15",235458000,"22199829000"
"TSLA","2020-06-16",210766500,"22410595500"
"TSLA","2020-06-17",148362000,"22558957500"
"TSLA","2020-06-18",146278500,"22705236000"
"TSLA","2020-06-19",130195500,"22835431500"
"TSLA","2020-06-22",95436000,"22930867500"
"TSLA","2020-06-23",95479500,"23026347000"
"TSLA","2020-06-24",164394000,"23190741000"
"TSLA","2020-06-25",138817500,"23329558500"
"TSLA","2020-06-26",132823500,"23462382000"
"TSLA","2020-06-29",135396000,"23597778000"
"TSLA","2020-06-30",253777500,"23851555500"
"TSLA","2020-07-01",199903500,"24051459000"
"TSLA","2020-07-02",258751500,"24310210500"
"TSLA","2020-07-06",308548500,"24618759000"
"TSLA","2020-07-07",322345500,"24941104500"
"TSLA","2020-07-08",244669500,"25185774000"
"TSLA","2020-07-09",175764000,"25361538000"
"TSLA","2020-07-10",350064000,"25711602000"
"TSLA","2020-07-13",584781000,"26296383000"
"TSLA","2020-07-14",351271500,"26647654500"
"TSLA","2020-07-15",245517000,"26893171500"
"TSLA","2020-07-16",214512000,"27107683500"
"TSLA","2020-07-17",139950000,"27247633500"
"TSLA","2020-07-20",256821000,"27504454500"
"TSLA","2020-07-21",241608000,"27746062500"
"TSLA","2020-07-22",212416500,"27958479000"
"TSLA","2020-07-23",364927500,"28323406500"
"TSLA","2020-07-24",290949000,"28614355500"
"TSLA","2020-07-27",240730500,"28855086000"
"TSLA","2020-07-28",237130500,"29092216500"
"TSLA","2020-07-29",141403500,"29233620000"
"TSLA","2020-07-30",114315000,"29347935000"
"TSLA","2020-07-31",183123000,"29531058000"
"TSLA","2020-08-03",132139500,"29663197500"
"TSLA","2020-08-04",126225000,"29789422500"
"TSLA","2020-08-05",74217000,"29863639500"
"TSLA","2020-08-06",89884500,"29953524000"
"TSLA","2020-08-07",133446000,"30086970000"
"TSLA","2020-08-10",112834500,"30199804500"
"TSLA","2020-08-11",129387000,"30329191500"
"TSLA","2020-08-12",327441000,"30656632500"
"TSLA","2020-08-13",306379500,"30963012000"
"TSLA","2020-08-14",188664000,"31151676000"
"TSLA","2020-08-17",303634500,"31455310500"
"TSLA","2020-08-18",247117500,"31702428000"
"TSLA","2020-08-19",183079500,"31885507500"
"TSLA","2020-08-20",309177000,"32194684500"
"TSLA","2020-08-21",322344000,"32517028500"
"TSLA","2020-08-24",300954000,"32817982500"
"TSLA","2020-08-25",159883500,"32977866000"
"TSLA","2020-08-26",213591000,"33191457000"
"TSLA","2020-08-27",355395000,"33546852000"
"TSLA","2020-08-28",301218000,"33848070000"
"TSLA","2020-08-31",355123200,"34203193200"
"TSLA","2020-09-01",269523300,"34472716500"
"TSLA","2020-09-02",288528300,"34761244800"
"TSLA","2020-09-03",262788300,"35024033100"
"TSLA","2020-09-04",330965700,"35354998800"
"TSLA","2020-09-08",346397100,"35701395900"
"TSLA","2020-09-09",238397400,"35939793300"
"TSLA","2020-09-10",254791800,"36194585100"
"TSLA","2020-09-11",182152500,"36376737600"
"TSLA","2020-09-14",249061800,"36625799400"
"TSLA","2020-09-15",291894600,"36917694000"
"TSLA","2020-09-16",216837900,"37134531900"
"TSLA","2020-09-17",230337600,"37364869500"
"TSLA","2020-09-18",259220400,"37624089900"
"TSLA","2020-09-21",328430400,"37952520300"
"TSLA","2020-09-22",238742400,"38191262700"
"TSLA","2020-09-23",285222600,"38476485300"
"TSLA","2020-09-24",289683300,"38766168600"
"TSLA","2020-09-25",201625500,"38967794100"
"TSLA","2020-09-28",149158800,"39116952900"
"TSLA","2020-09-29",150657900,"39267610800"
"TSLA","2020-09-30",144436800,"39412047600"
"TSLA","2020-10-01",152224500,"39564272100"
"TSLA","2020-10-02",214290000,"39778562100"
"TSLA","2020-10-05",134168400,"39912730500"
"TSLA","2020-10-06",147438900,"40060169400"
"TSLA","2020-10-07",129383100,"40189552500"
"TSLA","2020-10-08",121263300,"40310815800"
"TSLA","2020-10-09",86777100,"40397592900"
"TSLA","2020-10-12",116373300,"40513966200"
"TSLA","2020-10-13",103391100,"40617357300"
"TSLA","2020-10-14",143639100,"40760996400"
"TSLA","2020-10-15",107017200,"40868013600"
"TSLA","2020-10-16",98327700,"40966341300"
"TSLA","2020-10-19",108863400,"41075204700"
"TSLA","2020-10-20",94968900,"41170173600"
"TSLA","2020-10-21",97111500,"41267285100"
"TSLA","2020-10-22",119979600,"41387264700"
"TSLA","2020-10-23",101151000,"41488415700"
"TSLA","2020-10-26",84717600,"41573133300"
"TSLA","2020-10-27",68059500,"41641192800"
"TSLA","2020-10-28",76354200,"41717547000"
"TSLA","2020-10-29",67965900,"41785512900"
"TSLA","2020-10-30",127533900,"41913046800"
"TSLA","2020-11-02",87063300,"42000110100"
"TSLA","2020-11-03",103055100,"42103165200"
"TSLA","2020-11-04",96429300,"42199594500"
"TSLA","2020-11-05",85243500,"42284838000"
"TSLA","2020-11-06",65118000,"42349956000"
"TSLA","2020-11-09",104499000,"42454455000"
"TSLA","2020-11-10",90852600,"42545307600"
"TSLA","2020-11-11",52073100,"42597380700"
"TSLA","2020-11-12",59565300,"42656946000"
"TSLA","2020-11-13",59313300,"42716259300"
"TSLA","2020-11-16",80515800,"42796775100"
"TSLA","2020-11-17",183564900,"42980340000"
"TSLA","2020-11-18",234132000,"43214472000"
"TSLA","2020-11-19",187425900,"43401897900"
"TSLA","2020-11-20",98735700,"43500633600"
"TSLA","2020-11-23",150780900,"43651414500"
"TSLA","2020-11-24",160945500,"43812360000"
"TSLA","2020-11-25",146790600,"43959150600"
"TSLA","2020-11-27",112683300,"44071833900"
"TSLA","2020-11-30",189009300,"44260843200"
"TSLA","2020-12-01",120310500,"44381153700"
"TSLA","2020-12-02",143327100,"44524480800"
"TSLA","2020-12-03",127656000,"44652136800"
"TSLA","2020-12-04",88203900,"44740340700"
"TSLA","2020-12-07",168929100,"44909269800"
"TSLA","2020-12-08",192795000,"45102064800"
"TSLA","2020-12-09",213873600,"45315938400"
"TSLA","2020-12-10",201249600,"45517188000"
"TSLA","2020-12-11",139425000,"45656613000"
"TSLA","2020-12-14",156121800,"45812734800"
"TSLA","2020-12-15",135214500,"45947949300"
"TSLA","2020-12-16",126287400,"46074236700"
"TSLA","2020-12-17",168810300,"46243047000"
"TSLA","2020-12-18",666378600,"46909425600"
"TSLA","2020-12-21",174135900,"47083561500"
"TSLA","2020-12-22",155148000,"47238709500"
"TSLA","2020-12-23",99519000,"47338228500"
"TSLA","2020-12-24",68596800,"47406825300"
"TSLA","2020-12-28",96835800,"47503661100"
"TSLA","2020-12-29",68732400,"47572393500"
"TSLA","2020-12-30",128538000,"47700931500"
"TSLA","2020-12-31",148949700,"47849881200"
